110.2477900373172,86.52223862892211,223.20765497104844,92.71240599213165
49.71784420374682,109.86849893083408,176.79314210004642,116.31446508643063
66.65939677535411,90.82387130951435,13.065495043916775,182.23899098275368
78.48894204197472,234.41845251150514,152.14368469504902,95.644925395295
191.64115195321725,42.73904383761079,116.86229836717366,148.86580749896137
187.06884520807492,12.782897287603877,170.74950074945443,143.07292140277897
185.37898044250105,109.09043846402764,222.1170695923619,243.4146415110543
130.83337431761177,117.38562927261103,130.30807062410858,116.86952245118772
39.60126702766382,201.34535861558138,49.4079655651543,230.72657675550494
19.639702892491503,247.2047004188403,153.16217306832942,126.94384658082136
30.5734372411774,30.48519390266922,30.55881412540593,30.468937435715688
1.6730773541846942,1.6331067660812684,1.6653701818964397,1.624827944888562
174.7698544217342,150.35925961591087,26.395576077364165,49.624038066037414
40.23235083216058,253.75336437731843,107.84359581344722,81.86879063263713
36.668898688402905,61.28234191749298,74.64125546654236,219.36905378838946
91.59204998672563,213.7433105017289,15.484992491736453,172.9211555098441
171.4179143457532,242.34996631646692,4.657965918804709,170.737858837398
250.35472340130667,237.0411073781752,11.866114120284967,36.899567554039855
80.67596225682438,34.73955212507412,80.25714670880522,252.29109974300272
217.00187223550574,94.85219976972566,76.79652747436862,136.8452512199811
193.24333593213717,214.9802981769855,227.93904884804323,139.70253979341877
206.1111167078942,43.456602432600334,24.018228829922048,177.1532727169639
108.56141009578597,151.94236601809624,227.97761229279718,116.95374414377983
115.23489132982102,50.901907812850204,57.989235809399254,106.80261249093611
59.85201711809262,163.3264271729637,129.1439775061557,124.42669415401235
196.65111711017988,167.60096393341806,36.75695248310965,196.85717139710053
102.23126715555738,89.4880986521365,102.28321520750544,89.52148797574665
138.9123729407641,161.10515247108307,139.62495618647037,161.8037153873116
51.422661829300495,166.47507199851606,6.710492543581944,79.62722027331085
112.67713721299697,169.87609468899143,249.15628728079477,31.983445137496677
184.5543148959367,45.37766301264737,114.63763566277925,199.4463661832699
38.231534772712536,111.82153075740054,98.49361475866822,14.331562208285966
9.055138570804539,225.89793444890083,247.60130964294626,131.57828984103585
212.51056124366963,242.725399105144,83.35175471487106,59.97376364984989
74.68980549307763,171.97433608139363,88.85131144431665,49.07344360701647
207.61442909136832,88.93430459374872,116.00680123269312,111.49791675109127
173.30242512377873,133.10354707364107,9.417610934276077,15.575157346794047
88.21646370949456,188.0267884190738,161.98105856477264,129.0537259511545
140.6479054869171,149.0530388119306,139.46174965680768,147.86376305170765
161.6061518458959,161.60952543880657,161.69989393369144,161.70003079344443
63.38614504786768,159.0664352054411,79.13363510292392,243.61288390230268
47.21283038004892,47.130846906509156,47.2055814092238,47.12727089672454
66.57577404239927,213.2252089872798,125.25536329204199,115.0823826801787
206.28212565955752,168.8546168427939,17.976606320733268,230.8738770359316
89.29172105880933,88.69201614761022,89.28169462148554,88.67828190304851
136.38296068172167,233.09471877890672,252.21928923609178,205.31992660545387
167.5683477986655,167.21170509356477,167.83393416422393,167.47934837919
170.97224965435512,170.77384949634603,159.36470472052142,159.16669958522616
81.37112178522015,167.5085306273469,175.78229448809336,5.86603460717939
162.63499144350126,221.45984283068833,77.52556358845165,190.9645296768878
169.17650803499907,206.18648062705162,214.33098220285447,11.042892735076634
117.94743196805052,129.85604160861894,117.2144980031578,129.13035200148602
198.5691356002421,144.01208699465778,29.835306525171095,164.68642478232633
50.00199062814905,92.32669820094615,166.51429459055274,240.37325250672808
237.29651483667934,53.23053402061364,29.519825140411402,176.65619160751564
110.18625120758405,62.44614164173594,150.50778677231247,218.52310575526573
128.41334663175317,218.62136589980653,119.84563954687508,43.61887663973443
173.18913441666805,120.97338268600228,120.80696230673473,171.0521193931301
183.02530925636287,169.2370254514432,183.24818711787287,169.47461965022038
206.18562123497128,60.35594189387549,25.519851939319743,194.54452472954438
155.62762644805127,88.28541871741626,52.409934688628105,0.8571030365276555
98.6241227019365,125.66994214037946,133.08904260293264,233.5643387364605
43.5703477064995,227.77888339378268,25.305887053594333,240.96689180898844
151.24069283571708,167.41534012974478,236.69120489126436,130.43696662720268
139.37910680248407,139.3027539231962,139.18455589487132,139.10967186571293
190.8891964672429,191.1038987125649,190.85575830618484,191.07164692515803
6.502201055618051,169.3871931745777,22.834385727166065,2.79734881395514
168.53041552689854,155.01191871824932,168.86394424905563,155.32362902175328
101.57899643247701,100.97118493154778,101.59872836031384,100.98210860328786
249.82887269980384,210.16170337100155,155.15922361516175,44.87726391879046
113.39979329945741,112.70028421324606,126.08922573421755,125.42787012315907
156.10675843083277,155.4734411562285,155.83234686854783,155.19560220233998
73.17839569196741,145.5759596468151,0.8609387684076036,193.90773963478256
161.1411343119013,174.69230239128936,161.769071738681,175.27716904417338
158.70979306346976,86.15567551721496,89.94929588233774,190.09683997122485
127.16585084940974,140.61497264612726,127.66766484307514,141.11592283328534
134.12620037316927,133.9579212022102,134.31269856135322,134.14744508720491
219.2783794043167,23.06896422798132,33.09635137281785,64.55359543633644
36.03282373053127,92.98486363537332,222.2048416396409,20.096373518501082
74.03388231330992,41.1240320759176,149.01129862655165,247.0984477320812
207.98339386295137,130.72783048031462,87.06870212564698,193.5064092711553
149.741742383752,149.40758952431855,162.6906467129877,162.34291822554783
97.64234444229706,47.409414942386256,200.3736989458961,88.04453459854243
26.145463763359437,240.3978604549999,15.146696755614157,51.84387404073699
179.05690163244304,178.9928512403137,179.0109531159861,178.94462634672655
94.5211388730634,153.7780234062865,215.34084981238553,161.46637479923135
11.557612731732048,11.502476604140691,11.546442322184618,11.490007947056164
129.00852856686882,128.83521225662304,129.1570890520268,128.98042770507502
37.679911750983365,162.51245608536146,220.0914628314361,36.04062072911361
117.44826445688464,250.58311793815506,140.92658148369958,144.1234447571624
24.697399501171123,90.29376490746756,175.3753075511594,185.2643624451142
232.2747195797219,30.25709538403997,225.78730276031914,173.38007424206688
174.4148951780924,112.31904185110318,45.18060165359798,186.21297753151697
2.545694080227197,219.43420910232888,163.06512939907591,225.24417996002848
111.28762697831966,55.02077698488764,209.049282668666,147.67763276002364
205.16902565812586,204.8745139604261,205.1340367633486,204.83992402003108
113.95661274446418,248.86819324397544,159.55268979339453,148.22352083833948
217.84464342367778,169.4851111346018,97.14768599817509,248.63734230272678
108.90045269177496,170.37653640038067,202.05381096669294,27.57071505714557
205.64831744101446,107.21804318515608,120.56432416724277,138.08156653337423
216.26574761972762,90.2183350394268,21.272212044311644,202.09947502629456
69.74569524616105,69.69933807305712,69.74099712496378,69.6920100737703
67.77854960442747,182.18280285607463,147.9914498629765,15.16362190437621
109.97088269026419,178.073050162984,205.01213055608648,80.55464562051486
45.38911632494103,26.47933614665632,182.99889352608972,141.6454960814567
212.43463286033628,212.36322771892313,212.41017105646807,212.33765429099037
3.052362720095523,229.63136810497744,194.09769300333141,74.93620501434539
153.331715285881,162.01554259043175,152.0423803967328,160.74912485414237
22.796324826514454,41.95651949902807,35.780863074212746,148.27467227429565
93.66697447615441,243.05209787262967,237.53112059221274,44.68089645527798
169.9810123953468,217.3792446406293,74.90718940964733,11.129091012100597
217.51854970096875,222.21083025398633,110.49714066574136,63.032002669950614
101.39996703835614,24.072012918853336,239.46893812087768,80.05441639386338
151.4089419178393,139.9345278798628,170.31608061087906,48.58551479374014
208.62685500337565,73.1711697124991,236.2910774697228,52.2094641143401
32.40849933765664,94.21710170330499,80.60698486687896,209.15180128165386
177.75948542581972,1.5634694550113108,22.251987369788456,108.46716404572253
150.0702682332674,150.22524595900458,149.94198597596264,150.09085342054615
90.46357745656316,253.489517762129,187.36539007128087,41.801701419889405
169.78000492935575,168.66699604804782,177.30020774217613,48.14046214590712
74.96858161746758,184.46009069697635,186.81340356304224,25.38593311065896
163.97728798303638,88.91226291940134,91.87294224233126,168.82933393827543
189.41794908109276,74.73148638726639,72.77056697822918,168.58287791050333
102.92304702410283,230.57204856358067,253.05393773811375,19.030306646657912
199.8306981701901,185.58447326345708,199.96962160241605,185.70270030200746
55.64284048650683,11.821771741878305,183.9606989109792,211.96561010689956
94.84509975065637,117.413652728783,237.822068749471,47.64303666760099
58.26208867787927,190.8412494130344,224.57295453851333,240.12077527187992
249.09121985299606,235.341055055783,92.76389960153384,157.5437360657632
221.78091895732769,150.82524277918583,179.82944200090603,78.07646567097188
118.93744777262417,160.90389838048355,189.03206750159197,105.81039719565648
251.92026471467008,174.81667244792146,145.20109581871608,195.2166733268733
15.420536748839854,34.5087859080779,235.09583553274643,234.26951968851282
159.06651637776733,73.23365745013986,76.20570182195452,27.121967355210597
16.067180631877296,171.1806515245564,137.50223541430165,43.44134796050277
115.01649709302326,114.69542151162791,103.83190406976745,103.53968023255814
131.9909526149245,123.84193978306435,89.75241476682233,192.92983063996448
230.60769272883223,230.54807803441835,230.58277013668797,230.52712772752434
123.94910545235025,123.76536646269517,123.73254122876821,123.55137474960898
95.72504475575144,70.4498880303758,215.54588216092705,123.47921851896473
71.80453865655606,126.67517416343132,195.97485780388539,149.5034619210544
225.95236524784286,223.7238492502179,86.9695657589437,234.22601007983656
77.41663752985838,136.80692474596026,114.03170198685363,222.1543689777934
59.009137623469016,155.41051332849207,163.2927342096487,14.68436758473687
61.07760802496998,4.81519300774587,38.48064353992218,141.7248233585096
254.07781084164677,215.85650068179356,105.40624401896753,28.11445977922441
207.43243948527055,59.38202688764909,77.97230646947256,108.20794557002402
106.99540914375193,106.97727110963487,107.35502621651759,107.32889866900757
96.91329946647492,240.958187283423,199.96764628401996,72.5634227947613
20.873263813796665,182.66080932418936,17.115036931497908,237.6676154120733
249.2979517844964,24.90467269184998,167.81893396941703,102.50205183535597
155.1050333384922,22.55400206689717,242.25350962226503,206.70813639807577
65.65774517757737,37.88461267426719,20.239333470347237,108.91817424047751
184.60524854614297,15.371616174997445,28.417822031246825,96.96606919732211
198.0092913027952,197.7671525500763,197.98915040742784,197.7453559718209
132.24082334431694,90.0801836693614,154.3873709659779,216.69818750734882
67.29242412421003,79.54681282671451,67.28891316220644,79.56159787781853
3.271831432283206,197.28919111789364,132.5415499755597,229.58435346323597
179.75574782915294,107.04027120296843,102.1868878264684,35.30936479519757
143.10616324264296,129.4634647418101,143.28284286507497,129.6459189339256
68.3945984124934,248.24119937139656,127.97761424503393,159.08848049647088
95.03215273998772,95.33646331438364,95.01619794139101,95.31557040141718
28.915110810498412,25.578303744079992,251.77503433441296,218.19008889445746
100.38419006327621,146.63399337907907,109.37503635848562,25.392909316340642
241.07010195078277,205.28964222157973,195.40139102628564,57.605419809358686
38.76414728964231,242.11948123640096,102.59829004204751,10.73553159053349
192.52942304006135,206.3428215449492,192.16810427448726,205.99875407322216
105.66293008653429,195.26069399421715,124.73571321607149,112.45217729120591
150.51805293565843,196.18908610691665,66.12232010762148,244.9337687758491
24.50689077323963,243.26290817406112,11.866927077104542,133.73259702315266
160.19774873338469,17.484558780045578,194.9396047446212,188.39576062960603
83.68226183239202,235.3441402590922,109.24343182132843,117.2634585712676
144.95162738496072,144.31647851059617,144.7836865385885,144.1491252393213
214.19346854194254,47.06763848963349,42.247309032534496,170.12621301431955
151.16468264874266,209.86190887021115,252.57021577143968,61.43440351867868
47.24417499582942,33.91103357402947,53.30297440470443,218.6104210146312
175.58671929417227,188.95418311276217,175.31259190465136,188.6810618373191
82.20706498378335,94.35868078621391,82.2259388066117,94.39818686256888
182.1105328963761,63.09971672795242,59.28996000485205,76.46709915813186
254.68977914437588,27.231339583722956,138.0896288799014,146.14894821557326
44.60992136364332,199.82393096279108,162.51983540981936,42.82044012749299
186.43391140701226,209.3447718858966,87.97658958773106,13.381232585496164
183.60787611845737,172.1772570620346,253.49044653058934,86.51205803628561
60.97520497462531,203.08434157006516,119.65973373597352,35.063310047542295
138.1873263815558,60.166333928098524,218.8930208084745,47.47002414410925
43.44146769522169,236.30067776613495,65.34765491874143,89.36800960794972
118.68679826814413,118.45139551380836,118.31615542672635,118.08045913749663
5.056074100573513,155.427106540496,180.3073705445042,46.562247089115075
202.3705841668506,114.53506750010435,122.63588861701653,54.956946799477485
124.94420920234197,54.096758778621336,37.46312902489681,144.86922870205103
9.906572586652665,92.75585601901066,211.31478251889612,171.50473383629918
94.96422487223168,106.91913949526564,95.18572956697437,107.13898023057723
198.41579674342054,45.78267381359334,35.63531577994006,124.42653126618688
39.09477102704375,39.02608493939804,39.08517523341904,39.01829463957782
76.4820319688658,75.90400792433667,76.47865809202487,75.8965562321187
250.86068302245687,250.77747423380757,250.8648172589818,250.78637836998504
228.85712855078276,45.29339119098281,159.25329752580652,73.77055903770484
188.07137633803293,148.7939057608133,72.986039424386,13.576660976359275
82.2953476438895,82.72947489951252,82.2910876165227,82.72820277088857
165.3351571218098,238.93351881710322,184.60236325894363,72.95395882961911
94.06610256465295,203.50607673942173,62.905325591870934,240.8996612237808
25.989875828820193,98.82092266221788,230.51528815366672,241.44349753588907
218.9154349159721,59.98875982903107,44.30747465333756,9.186086528584342
156.08472020875615,142.56219193969267,155.45990142070164,141.92734125833576
54.995482793878004,54.92102278173627,54.98401204588299,54.91130939067642
63.10444925561717,36.37060670965426,18.589629667161507,112.73185545100709
114.92416413316245,24.410644067415763,184.622976751854,51.11321766939348
161.05496659368094,53.14156354262175,144.25990328003994,0.7156446717045339
23.600773558638327,143.64477810589176,156.05852379558354,184.38857543978264
116.73940308359659,102.9443632420199,117.45843745579707,103.64038851430996
106.04454426352237,118.78167696050907,106.4269605090773,119.15590492232828
185.08820439634496,184.74422046474137,185.05516904190864,184.70963244864654
161.46027853335062,11.310667677532573,49.558413699244745,141.12375306535088
134.32921605737624,133.90487100308795,147.19155294352026,146.76661022014144
254.65461092573867,66.58558997864563,251.10101390971997,5.539945159198345
234.8387677473337,244.84123184823648,48.80146750139297,231.2928609688462
214.05876518453704,152.64552774099133,249.594122759425,30.44350521530378
88.54986254432447,76.05303000119527,88.4267102274991,75.92159050161361
236.16251908725337,130.19063886596572,27.54912760015877,185.39868236898982
51.914577439943,51.124616219979664,19.785850982011503,133.77662215563367
253.26976116952096,138.4121051852109,166.26187891776723,51.958850332383676
214.32678885474658,249.30846636331952,19.270537685824607,165.50212228463676
217.5585911634025,10.188090022747659,117.98519553477036,228.4390855160315
101.05908057268444,114.46112228959869,124.35690831142783,30.897860988025005
102.51538772067406,33.88949592634811,148.2243989379006,7.445993629609756
70.4739103362391,60.044458281444584,70.3986301369863,59.9609900373599
29.14521431885009,194.04154858975116,103.99563102207152,204.34842786455442
222.7605724254346,113.36451383612044,213.44277554647533,58.659111965000925
240.33911432712702,240.2906894100924,240.31191063803593,240.2692107516411
127.78758594311667,18.615621552857213,43.230212663389224,240.89927613887565
62.702657964223995,20.250181808307715,254.51146965099815,163.7554722549631
84.10343366527984,47.43370270854752,177.3747440124817,174.97376911182707
131.29229708461514,52.23815377456592,146.69403808973013,170.13919918674148
77.68311852788611,154.16174773060678,148.94321345678122,230.05506362067555
31.67140758616667,149.29160805838794,193.47853106898077,99.14158323372132
21.559950818592327,21.495338012397813,21.54314717097126,21.47640463417669
83.42884819347324,6.315005172464676,88.29840332416153,225.28479146406775
184.05477735757512,246.22360081976382,150.61144121287722,25.806380069132505
43.268108431990136,182.59204612536905,150.39862150583363,42.21668039509334
173.18997311665558,173.2585029903945,173.20499305261887,173.27362109587386
36.917441005638956,157.3292001540632,183.34947004646568,136.9081358155517
113.01648221064599,112.76983357206632,113.14900149663097,112.90052863832274
30.035079151076644,227.0238671878574,76.24186633866486,170.26000823606515
74.76563329718651,13.146271224386059,182.83562201917778,60.97170835612357
94.26183482041759,105.65332360884828,212.15414945513575,121.05324242290145
187.18312125606985,45.73191039157671,172.98078382901605,170.27133637969717
218.32345428986434,157.43044883196788,67.23012520035671,28.92579662047007
107.98674257696099,3.399103819881051,185.53844616926438,1.5842369621907566
7.835025146138358,35.62242116753071,77.45820063126166,165.80997461642815
220.62964751589868,220.56348620667202,220.5956851084149,220.5380862978317
211.20987774459806,19.67840518808552,183.99150673069863,59.01371495751802
229.07988309533732,9.55074295264982,75.24688079413679,153.47102177111796
167.82521619409653,206.6623715650068,6.598787273909763,207.87945857012954
61.96529604124853,62.66126548550073,61.97351027752786,62.678835905599
128.34685546603382,171.73712669367666,48.585962071293835,199.70420179034448
140.34878587196468,140.15433342931183,127.6359535464056,127.44447643727806
